1
2
3
4
5
6
7
8
9
10
11
13
14
15
18
20
21
24
25
26
38
49
64
95
106
127
131
134
140
144
155
167
170
178
185
196
245
273
284
295
309
310
330
341
348
367
389
391
427
433
435
442
450
456
458
460
469
482
498
504
509
517
518
555
573
580
589
596
603
615
622
628
633
637
642
654
660
666
671
675
680
691
715
721
755
797
833
883
891
900
907
912
921
931
942
950
958
968
977
1002
1018
1027
1084
1150
1196
1249
1268
1276
1281
1294
1301
1304
1311
1317
1333
1340
1347
1355
1363
1368
1373
1381
1391
1401
1413
1424
1434
1442
1455
1464
1473
1480
1486
1496
1504
1511
1524
1531
1543
1547
1589
1626
1684
1691
1697
1706
1713
1734
1753
1787
1812
1816
1823
1832
1841
1845
1854
1862
1880
1881
1896
1912
1938
1965
1983
1994
2010
2013
2023
2037
2041
2081
2177
2183
2189
2214
2242
2251
2269
2282
2301
2311
2338
2345
2354
2364
2372
2379
2384
2389
2394
2400
2405
2413
2426
2436
2443
2446
2454
2471
2477
2486
2495
2502
2508
2518
2546
2553
2560
2567
2573
2584
2591
2601
2608
2620
2636
2647
2652
2661
2670
2678
2689
2696
2708
2718
2730
2735
2742
2753
2761
2799
2835
2916
2994
3030
3102
3134
3188
3205
3222
3265
3292
3325
3347
3377
3401
3428
3475
3485
3494
3503
3514
3522
3529
3544
3553
3559
3569
3582
3591
3598
3604
3609
3619
3627
3646
3655
3660
3668
3677
3681
3688
3698
3706
3711
3718
3724
3733
3739
3753
3758
3776
3798
3815
3831
3850
3858
3866
3870
3878
3905
3924
3936
3950
3959
3969
3974
3992
4004
4014
4023
4034
4039
4045
4055
4064
4072
4079
4096
4101
4118
4123
4134
4141
4149
4153
4159
4167
4172
4180
4187
4191
4201
4206
4217
4227
4237
4244
4252
4255
4262
4270
4279
4288
4297
4304
4321
4325
4331
4340
4347
4357
4365
4374
4380
4387
4395
4403
4412
4418
4427
4439
4446
4455
4463
4471
4476
4482
4490
4497
4504
4520
4529
4538
4555
4566
4585
4621
4649
4709
4739
4752
4757
4765
4784
4810
4824
4888
4900
4928
4933
4939
4953
4960
4966
4977
4985
4992
4998
