184
192
204
213
216
225
229
233
240
248
261
264
274
275
276
277
278
282
286
290
296
303
308
314
317
323
333
335
338
345
351
356
359
364
370
376
378
385
390
394
399
402
407
408
411
416
418
421
426
430
432
436
440
444
447
451
455
461
464
471
475
497
499
512
522
527
569
576
586
590
600
612
616
630
649
674
684
694
705
725
729
746
760
785
844
898
965
971
1006
1057
1066
1075
1082
1088
1097
1104
1113
1120
1129
1135
1141
1154
1155
1160
1164
1173
1181
1186
1192
1198
1206
1215
1226
1236
1243
1252
1262
1285
1290
1298
1305
1314
1322
1325
1330
1336
1343
1350
1354
1382
1408
1414
1447
1458
1483
1488
1513
1532
1546
1584
1615
1664
1669
1680
1704
1751
1795
1827
1865
1874
1916
1918
1923
1929
1933
1944
1973
1980
2057
2086
2097
2106
2113
2120
2128
2134
2142
2146
2151
2155
2173
2184
2192
2206
2215
2227
2233
2240
2249
2259
2271
2314
2351
2377
2382
2427
2459
2524
2569
2582
2588
2598
2609
2655
2658
2702
2716
2744
2755
2764
2768
2774
2780
2791
2797
2802
2812
2818
2823
2827
2893
2902
2919
2930
2951
2982
2988
2998
3025
3041
3054
3068
3075
3086
3110
3116
3127
3149
3167
3173
3181
3187
3193
3246
3272
3309
3341
3349
3361
3366
3376
3381
3397
3424
3463
3476
3518
3562
3587
3678
3720
3769
3788
3793
3806
3816
3820
3827
3841
3851
3859
3874
3940
4002
4009
4114
4178
4184
4194
4204
4209
4219
4229
4238
4242
4250
4256
4267
4276
4285
4291
4298
4303
4309
4322
4330
4338
4344
4350
4361
4375
4386
4394
4408
4413
4442
4470
4557
4565
4593
4617
4661
4686
4692
4703
4708
4715
4726
4732
4740
4750
4756
4762
4769
4776
4783
4791
4798
4805
4813
4819
4829
4835
4847
4856
4860
4867
4875
4883
4894
4909
4919
4938
4958
4973
4981
4984
