1166
1384
1441
1445
1450
1538
1548
1555
1569
1610
1640
1724
1728
1755
1764
1772
1777
1803
1810
1859
1876
1883
1893
1902
1908
1917
1920
1925
1932
1941
1948
1998
2029
2166
2199
2212
2260
2275
2284
2289
2507
2527
2543
2548
2570
2574
2596
2600
2607
2651
2698
2709
2743
2782
2820
2871
2904
2944
2954
2964
2971
2977
2984
2993
2999
3007
3012
3023
3031
3038
3046
3051
3057
3066
3073
3091
3098
3131
3140
3150
3174
3191
3218
3231
3239
3248
3255
3261
3271
3278
3295
3301
3311
3316
3321
3333
3342
3400
3425
3497
3555
3561
3571
3584
3588
3597
3608
3616
3624
3633
3644
3656
3665
3673
3691
3701
3708
3716
3723
3736
3747
3755
3763
3770
3777
3786
3795
3814
3825
3861
3907
3964
4022
4035
4062
4075
4081
4085
4091
4099
4108
4115
4127
4137
4157
4247
4310
4404
4423
4449
4458
4466
4475
4485
4492
4505
4511
4517
4527
4540
4548
4553
4559
4580
4594
4602
4611
4628
4634
4640
4646
4656
4666
4673
4681
4684
4694
4702
4706
4713
4722
4730
4734
4741
4755
4817
4849
4936
4976
