422
429
431
437
439
445
454
459
462
467
470
473
485
486
488
491
493
514
537
568
608
619
626
635
644
662
679
688
740
779
826
929
947
975
1005
1110
1207
1259
1267
1316
1327
1331
1338
1346
1351
1358
1362
1369
1376
1386
1395
1405
1411
1415
1429
1438
1446
1451
1462
1469
1479
1485
1497
1506
1515
1525
1535
1544
1551
1563
1583
1593
1609
1612
1620
1630
1637
1639
1651
1660
1667
1672
1679
1686
1694
1705
1737
1739
1766
1780
1813
1820
1850
1873
1895
1951
1962
1972
2008
2011
2072
2158
2217
2246
2264
2266
2291
2294
2335
2360
2370
2387
2433
2505
2540
2580
2594
2599
2605
2615
2625
2631
2637
2648
2656
2665
2675
2683
2701
2715
2726
2731
2751
2814
2888
2955
2961
2972
3002
3013
3028
3048
3070
3082
3093
3105
3112
3121
3132
3138
3146
3157
3190
3195
3212
3223
3282
3313
3345
3403
3416
3429
3434
3441
3450
3453
3464
3468
3484
3521
3532
3567
3578
3592
3600
3612
3630
3635
3738
3744
3823
3834
3840
3869
3880
3899
3914
3926
3935
3941
3951
3956
3962
3973
3987
3995
3998
4003
4007
4016
4029
4033
4049
4066
4111
4210
4258
4319
4327
4332
4512
4570
4596
4612
4712
4754
4760
4767
4779
4786
4795
4803
4811
4822
4830
4837
4845
4852
4861
4866
4877
4892
4903
4911
4916
4926
4935
4945
4954
4965
4970
4980
