321
342
358
366
373
377
381
382
383
387
392
396
403
406
410
412
415
419
425
428
443
453
463
478
490
495
501
507
515
519
528
536
543
548
554
560
564
577
599
640
665
710
750
781
810
841
871
932
972
988
1036
1048
1055
1072
1076
1085
1092
1099
1117
1124
1175
1232
1264
1270
1278
1286
1295
1300
1310
1320
1329
1339
1345
1353
1361
1370
1403
1435
1490
1498
1573
1654
1698
1709
1715
1726
1736
1745
1757
1760
1768
1782
1793
1800
1808
1819
1831
1836
1844
1856
1866
1872
1877
1885
1891
1960
1964
1970
2022
2170
2222
2229
2239
2248
2308
2315
2320
2325
2359
2398
2432
2449
2550
2557
2617
2649
2668
2706
2752
2789
2794
2840
2849
2856
2863
2874
2883
2886
2895
2906
2910
2923
2935
2941
2946
2981
2985
3011
3021
3033
3044
3047
3056
3061
3069
3077
3084
3087
3097
3108
3117
3123
3141
3161
3177
3189
3196
3209
3217
3226
3243
3284
3335
3354
3364
3378
3382
3391
3402
3407
3417
3422
3433
3445
3461
3480
3492
3499
3506
3515
3566
3576
3583
3590
3594
3613
3629
3641
3649
3658
3664
3676
3682
3689
3695
3700
3712
3726
3732
3760
3784
3800
3808
3821
3846
3855
3868
3889
3897
3918
3934
3942
3954
3957
3968
3980
3997
4013
4030
4037
4048
4065
4068
4086
4166
4177
4183
4190
4199
4211
4220
4224
4231
4239
4249
4259
4314
4410
4448
4454
4459
4467
4473
4487
4508
4518
4526
4531
4539
4550
4558
4562
4572
4578
4583
4592
4624
4630
4700
4773
4804
4887
4904
4951
4995
