574
582
595
651
669
708
735
765
815
851
859
863
874
911
996
1008
1016
1109
1144
1223
1242
1269
1279
1291
1297
1308
1315
1323
1332
1341
1356
1360
1367
1375
1385
1388
1402
1410
1423
1431
1437
1448
1456
1468
1476
1484
1493
1502
1507
1522
1529
1534
1540
1556
1567
1575
1580
1586
1596
1629
1636
1649
1677
1700
1711
1769
1785
1796
1828
1869
1886
1904
1919
1935
1945
1952
1959
1969
1974
1999
2005
2017
2024
2031
2051
2060
2074
2098
2114
2123
2133
2138
2148
2154
2164
2179
2200
2211
2263
2270
2299
2309
2497
2542
2547
2558
2581
2604
2653
2688
2697
2721
2727
2738
2747
2749
2766
2775
2833
2881
2885
2900
2917
2926
2942
2953
2960
2968
2978
2987
2995
3001
3008
3019
3029
3036
3045
3055
3063
3071
3081
3101
3109
3122
3128
3169
3184
3211
3216
3262
3297
3350
3355
3367
3387
3413
3423
3432
3439
3447
3457
3462
3472
3508
3525
3540
3643
3684
3717
3722
3727
3742
3750
3759
3768
3774
3783
3789
3797
3813
3817
3836
3849
3852
3862
3871
3881
3888
3890
3896
3906
3913
3923
3939
3946
3961
3972
3982
3988
4032
4059
4136
4232
4240
4246
4253
4269
4277
4286
4292
4305
4312
4320
4329
4336
4348
4355
4359
4379
4384
4389
4392
4398
4411
4419
4428
4435
4444
4453
4461
4468
4478
4486
4495
4501
4507
4516
4535
4542
4556
4564
4575
4601
4643
4652
4653
4660
4665
4674
4687
4693
4699
4704
4716
4729
4736
4746
4753
4763
4771
4785
4797
4807
4821
4827
4836
4840
4848
4858
4869
4884
4891
4905
4920
4931
4940
4950
4957
4967
4974
4983
4994
