818
825
829
840
850
916
940
982
991
999
1004
1011
1024
1033
1038
1047
1056
1065
1073
1077
1083
1087
1098
1106
1116
1125
1131
1139
1146
1152
1159
1167
1176
1184
1190
1199
1213
1222
1233
1240
1245
1251
1256
1274
1284
1289
1292
1299
1307
1334
1344
1390
1427
1482
1517
1564
1653
1685
1710
1721
1733
1743
1747
1776
1786
1799
1838
1863
1906
1946
1986
1991
2075
2093
2104
2118
2129
2130
2144
2150
2159
2167
2175
2185
2193
2202
2207
2218
2225
2236
2238
2247
2253
2262
2272
2319
2326
2329
2336
2341
2344
2346
2350
2355
2362
2367
2375
2383
2390
2397
2402
2406
2416
2425
2430
2439
2447
2457
2465
2467
2474
2479
2488
2494
2504
2512
2523
2526
2536
2544
2551
2559
2568
2578
2585
2597
2602
2614
2623
2642
2657
2664
2674
2681
2691
2707
2733
2739
2785
2803
2843
2852
2858
2867
2876
2884
2892
2899
2905
2913
2924
2933
2938
2947
2956
2963
2967
2976
2986
2996
3005
3009
3014
3022
3032
3040
3052
3064
3076
3085
3095
3104
3113
3119
3130
3153
3178
3194
3201
3203
3224
3232
3240
3253
3264
3269
3281
3287
3296
3303
3312
3314
3326
3337
3343
3348
3357
3369
3385
3389
3398
3409
3412
3420
3442
3456
3459
3495
3526
3539
3543
3550
3573
3589
3595
3602
3611
3620
3628
3637
3647
3654
3663
3670
3680
3687
3690
3699
3707
3714
3721
3731
3741
3748
3751
3761
3771
3780
3787
3794
3809
3830
3837
3883
3908
3927
3963
3971
3979
3986
4000
4008
4017
4020
4028
4040
4050
4054
4098
4171
4226
4281
4363
4399
4426
4438
4450
4456
4464
4474
4479
4484
4494
4502
4506
4514
4519
4528
4532
4541
4552
4561
4571
4577
4586
4598
4607
4615
4622
4629
4635
4641
4650
4658
4663
4671
4676
4680
4689
4745
4778
4873
4878
4914
4956
