609
632
643
646
664
681
695
706
713
717
744
756
763
767
772
780
791
804
813
820
824
835
846
852
858
867
876
882
893
899
906
918
924
930
938
945
952
967
979
994
1050
1162
1228
1261
1280
1337
1357
1453
1457
1505
1554
1599
1607
1618
1650
1658
1671
1688
1693
1720
1730
1740
1746
1750
1759
1788
1806
1824
1829
1857
1879
1910
1913
1928
1947
1961
1987
2000
2002
2012
2020
2025
2036
2045
2061
2076
2084
2090
2099
2107
2112
2121
2132
2141
2145
2152
2161
2168
2171
2174
2181
2188
2198
2204
2210
2221
2245
2256
2265
2273
2283
2292
2300
2307
2501
2532
2539
2564
2595
2646
2669
2694
2729
2762
2767
2778
2783
2795
2808
2817
2825
2834
2841
2845
2850
2898
2974
3015
3100
3139
3182
3220
3233
3254
3289
3332
3339
3356
3388
3404
3411
3426
3438
3449
3469
3479
3489
3500
3513
3523
3534
3541
3547
3552
3563
3601
3607
3614
3623
3631
3636
3648
3651
3662
3674
3685
3694
3702
3709
3719
3728
3740
3746
3756
3765
3773
3785
3799
3811
3842
3860
3872
3885
3895
3903
3912
3929
3978
4018
4067
4076
4090
4100
4103
4113
4119
4128
4140
4143
4154
4163
4173
4193
4197
4264
4371
4452
4496
4545
4574
4584
4591
4595
4604
4610
4618
4626
4638
4645
4667
4677
4683
4690
4701
4711
4719
4731
4735
4743
4749
4761
4774
4781
4789
4794
4812
4882
4901
4918
4934
4943
4952
4959
4969
4982
4988
