12
16
17
19
22
23
27
33
46
54
56
61
65
67
71
74
77
80
81
86
90
96
100
104
107
111
114
122
124
129
135
145
148
176
187
193
197
202
208
212
218
224
230
237
243
249
251
253
257
265
268
288
305
322
343
374
404
409
449
476
492
510
516
525
535
553
584
588
601
614
617
623
641
653
673
686
700
704
719
736
754
766
773
782
790
795
803
811
822
830
837
849
856
860
866
873
881
885
894
901
903
910
923
933
943
951
957
963
974
983
987
993
1003
1010
1014
1025
1034
1042
1046
1054
1061
1062
1069
1074
1081
1091
1095
1103
1111
1121
1127
1138
1147
1153
1161
1169
1174
1180
1183
1189
1193
1201
1210
1217
1224
1229
1239
1247
1253
1258
1266
1273
1283
1328
1365
1412
1418
1512
1558
1562
1574
1582
1587
1595
1603
1611
1617
1622
1661
1689
1758
1762
1773
1779
1821
1851
1858
1864
1875
1882
1889
1924
1949
1955
1958
1963
1968
1977
1984
1997
2001
2018
2027
2038
2047
2068
2125
2163
2235
2258
2293
2295
2298
2318
2337
2340
2365
2371
2380
2386
2395
2409
2414
2422
2428
2437
2444
2452
2456
2464
2470
2478
2484
2489
2499
2511
2521
2530
2534
2549
2556
2565
2575
2593
2627
2684
2722
2725
2734
2740
2758
2779
2786
2798
2805
2813
2821
2828
2846
2851
2859
2875
2914
2918
2927
2943
2949
2975
2992
3006
3016
3039
3059
3065
3107
3136
3159
3179
3200
3202
3249
3286
3310
3319
3331
3340
3371
3384
3414
3474
3481
3488
3496
3507
3511
3520
3531
3538
3546
3549
3570
3577
3586
3593
3599
3603
3610
3615
3622
3632
3667
3704
3752
3801
3812
3847
3856
3901
3911
3921
3930
3943
3948
3960
4019
4021
4038
4047
4053
4058
4069
4080
4087
4093
4097
4104
4109
4121
4129
4139
4150
4221
4271
4356
4433
4437
4488
4560
4587
4600
4613
4620
4627
4633
4639
4647
4654
4662
4669
4682
4691
4697
4707
4717
4725
4738
4747
4759
4768
4775
4780
4792
4800
4808
4815
4831
4839
4844
4853
4859
4872
4881
4886
4899
4908
4912
4921
4930
4942
4948
4955
4961
4968
4975
4989
5000
