47
60
72
75
82
85
89
93
99
115
123
132
138
150
153
157
162
171
173
180
188
194
223
232
239
247
250
252
255
258
263
272
300
304
320
328
349
354
388
401
420
441
472
483
502
531
563
592
618
624
631
652
657
683
697
707
724
742
749
774
792
799
809
816
838
865
878
886
913
920
954
962
978
997
1030
1128
1209
1265
1293
1302
1313
1335
1349
1352
1364
1374
1380
1394
1404
1409
1416
1425
1430
1440
1449
1460
1470
1478
1481
1489
1494
1503
1514
1520
1528
1536
1542
1552
1566
1576
1600
1625
1644
1662
1682
1701
1738
1763
1771
1781
1792
1805
1826
1833
1846
1861
1871
1954
1966
1975
1985
1990
1995
2014
2035
2053
2066
2080
2085
2091
2105
2122
2136
2149
2156
2160
2165
2190
2197
2209
2216
2224
2231
2250
2255
2276
2285
2296
2302
2312
2334
2342
2356
2368
2374
2381
2388
2399
2404
2408
2412
2420
2424
2442
2455
2463
2473
2475
2487
2496
2506
2517
2545
2555
2562
2586
2610
2619
2629
2639
2641
2659
2671
2679
2690
2703
2710
2748
2770
2773
2784
2788
2800
2810
2819
2829
2842
2860
2865
2880
2890
2897
2908
2929
2936
2958
2970
2979
2989
3000
3018
3050
3083
3129
3143
3162
3204
3219
3241
3250
3259
3266
3276
3285
3293
3308
3315
3323
3328
3336
3346
3351
3360
3368
3375
3380
3390
3396
3405
3408
3431
3440
3466
3473
3477
3516
3548
3558
3565
3585
3640
3659
3772
3804
3824
3829
3875
3887
3892
3902
3909
3917
3922
3925
3933
3937
3944
3953
3965
3977
3984
3989
3996
4005
4012
4015
4027
4041
4070
4107
4145
4230
4289
4295
4390
4465
4469
4480
4489
4498
4513
4523
4533
4547
4554
4567
4582
4606
4623
4664
4723
4728
4826
4842
4895
4898
4941
4986
4996
