149
156
160
166
168
174
179
186
189
191
203
219
222
235
266
280
291
298
326
352
371
400
414
438
474
487
489
513
524
529
567
581
611
658
693
727
762
802
889
902
953
961
1000
1012
1017
1023
1029
1037
1049
1058
1067
1080
1093
1101
1115
1119
1130
1137
1143
1151
1158
1163
1171
1179
1185
1197
1205
1212
1218
1220
1230
1234
1241
1248
1255
1263
1282
1287
1318
1342
1359
1372
1377
1387
1393
1398
1407
1419
1426
1432
1443
1452
1461
1471
1477
1487
1492
1501
1508
1518
1527
1537
1545
1561
1570
1577
1585
1597
1604
1613
1623
1628
1635
1647
1659
1668
1674
1683
1692
1703
1712
1714
1718
1725
1732
1741
1749
1756
1767
1817
1860
1892
1899
1901
1907
1922
1936
1956
1982
1993
2007
2016
2028
2040
2046
2050
2065
2073
2083
2186
2205
2232
2243
2261
2274
2279
2286
2297
2306
2310
2317
2323
2330
2339
2347
2353
2366
2373
2378
2393
2401
2410
2418
2429
2435
2445
2451
2462
2466
2472
2483
2498
2513
2516
2525
2528
2533
2561
2577
2622
2635
2662
2672
2692
2705
2720
2741
2804
2826
2907
2928
3024
3062
3088
3103
3114
3118
3125
3145
3156
3165
3183
3185
3230
3263
3270
3277
3288
3294
3318
3338
3344
3363
3395
3410
3418
3427
3444
3452
3458
3465
3470
3483
3487
3493
3502
3510
3517
3519
3528
3535
3545
3554
3564
3575
3580
3605
3617
3626
3638
3650
3657
3666
3675
3683
3696
3705
3713
3725
3729
3737
3749
3757
3766
3778
3805
3832
3879
3919
3932
4025
4084
4125
4214
4254
4263
4272
4280
4284
4294
4299
4308
4313
4316
4324
4334
4339
4349
4352
4364
4369
4378
4381
4391
4400
4407
4416
4422
4434
4441
4447
4457
4472
4524
4543
4589
4619
4632
4637
4644
4655
4668
4675
4685
4696
4721
4764
4782
4790
4799
4809
4818
4823
4833
4838
4846
4854
4864
4876
4880
4893
4907
4913
4922
4927
4932
4947
4964
4972
