136
152
183
201
214
254
256
259
279
281
285
292
297
301
306
311
318
324
331
337
340
347
350
353
357
362
365
368
375
380
384
405
417
448
452
484
505
521
533
538
546
552
561
579
585
593
602
613
629
648
659
672
678
687
723
730
739
752
775
793
801
823
831
836
847
855
862
869
887
935
944
1021
1060
1136
1191
1235
1271
1288
1321
1324
1397
1400
1474
1533
1591
1619
1627
1634
1643
1648
1656
1663
1675
1678
1681
1696
1707
1717
1719
1729
1744
1761
1774
1783
1811
1843
1849
1897
1915
1927
1931
2032
2055
2071
2079
2082
2089
2096
2103
2109
2111
2119
2126
2135
2140
2147
2153
2196
2220
2226
2268
2278
2287
2321
2328
2396
2417
2434
2441
2448
2458
2461
2468
2480
2482
2490
2493
2500
2519
2529
2538
2590
2611
2618
2626
2633
2638
2644
2650
2663
2673
2677
2687
2693
2699
2704
2714
2724
2732
2737
2745
2754
2759
2771
2790
2809
2822
2832
2837
2844
2857
2864
2872
2882
2891
2909
2911
2922
2932
2939
2945
2952
2957
2966
2973
2983
2991
2997
3004
3010
3020
3027
3037
3049
3058
3067
3074
3080
3090
3096
3106
3111
3120
3126
3137
3148
3152
3166
3171
3180
3206
3210
3227
3236
3244
3251
3260
3268
3279
3299
3305
3324
3353
3362
3372
3383
3392
3436
3451
3460
3482
3505
3533
3572
3625
3634
3639
3645
3653
3661
3671
3679
3686
3692
3697
3703
3710
3735
3745
3754
3767
3779
3792
3796
3844
3867
3882
3920
3955
3966
3975
3985
3994
4006
4031
4044
4057
4135
4144
4152
4162
4174
4205
4274
4302
4402
4417
4421
4460
4503
4579
4608
4631
4672
4772
4862
4917
4949
4997
