32
34
36
37
40
42
43
45
51
57
68
92
102
108
109
112
117
121
126
139
141
143
159
163
175
177
206
241
316
344
346
361
379
395
398
446
468
477
511
532
541
547
551
557
559
565
572
578
591
598
605
610
621
627
638
647
656
661
668
682
692
698
703
712
718
728
731
737
743
748
757
768
778
786
796
806
812
819
828
834
843
853
864
872
879
884
895
904
915
925
936
969
984
1039
1102
1108
1122
1133
1145
1378
1389
1396
1399
1406
1417
1421
1428
1433
1444
1459
1467
1475
1491
1499
1509
1516
1521
1530
1539
1550
1557
1565
1572
1579
1588
1592
1601
1632
1638
1642
1666
1670
1676
1702
1716
1722
1731
1742
1752
1778
1791
1837
1868
1888
1934
1943
1953
1967
1979
1996
2034
2042
2052
2058
2064
2088
2094
2101
2110
2116
2127
2137
2169
2182
2195
2201
2254
2277
2281
2305
2313
2316
2322
2333
2343
2349
2358
2361
2421
2510
2537
2579
2589
2643
2700
2713
2765
2772
2793
2796
2815
2830
2836
2854
2862
2869
2878
2990
3034
3094
3133
3135
3142
3144
3154
3158
3170
3176
3186
3199
3214
3225
3235
3238
3247
3257
3273
3280
3290
3300
3304
3317
3320
3327
3330
3334
3352
3359
3370
3373
3386
3394
3399
3406
3415
3421
3430
3435
3448
3455
3467
3509
3530
3579
3672
3693
3734
3802
3810
3819
3826
3833
3843
3857
3863
3873
3877
3886
3891
3898
3904
3910
3916
3931
3938
3945
3949
3952
3958
3967
3976
3983
3990
4001
4011
4026
4042
4051
4063
4074
4077
4088
4094
4102
4110
4117
4124
4131
4138
4148
4158
4165
4176
4182
4188
4200
4208
4215
4228
4235
4243
4251
4260
4265
4275
4283
4293
4300
4307
4317
4326
4333
4341
4346
4353
4360
4366
4376
4385
4393
4401
4409
4414
4429
4432
4440
4445
4451
4462
4477
4483
4493
4499
4509
4521
4525
4534
4537
4549
4573
4614
4651
4710
4720
4724
4733
4744
4770
4793
4802
4814
4820
4828
4834
4843
4850
4857
4865
4870
4879
4889
4896
4906
4923
4944
4978
4993
