48
50
52
55
59
62
63
66
70
73
76
79
83
87
91
94
98
103
113
120
130
137
142
146
151
154
158
161
165
169
182
198
199
207
210
217
221
228
231
236
242
246
262
270
283
287
289
293
299
313
339
360
386
393
424
457
480
500
503
523
542
545
571
575
597
634
645
676
689
711
716
726
734
753
761
769
787
805
814
832
848
875
880
892
896
905
914
919
922
928
937
948
959
970
976
985
989
998
1009
1019
1022
1031
1041
1045
1053
1064
1070
1079
1089
1096
1100
1105
1114
1118
1126
1134
1142
1148
1156
1165
1172
1178
1188
1195
1202
1211
1216
1219
1225
1231
1238
1244
1250
1254
1260
1272
1309
1348
1379
1392
1422
1436
1439
1465
1495
1510
1549
1559
1568
1578
1590
1598
1605
1614
1621
1631
1641
1652
1657
1665
1673
1690
1699
1708
1770
1789
1798
1801
1804
1814
1825
1834
1842
1848
1853
1870
1878
1887
1894
1900
1911
1926
1939
1950
1976
1981
1988
1992
2004
2019
2030
2033
2044
2049
2056
2059
2062
2067
2077
2092
2100
2108
2115
2124
2131
2143
2178
2203
2228
2241
2288
2304
2327
2332
2352
2357
2363
2369
2376
2385
2391
2403
2407
2415
2419
2423
2431
2438
2440
2450
2453
2460
2469
2476
2485
2492
2503
2509
2515
2520
2522
2531
2535
2541
2552
2563
2566
2576
2583
2592
2606
2612
2616
2624
2632
2634
2645
2654
2660
2667
2676
2686
2695
2712
2719
2723
2728
2736
2746
2760
2807
2831
2934
2962
3035
3060
3089
3163
3168
3172
3207
3213
3234
3242
3252
3267
3274
3329
3379
3393
3437
3443
3454
3471
3478
3490
3498
3504
3512
3527
3536
3542
3551
3557
3568
3574
3581
3606
3669
3715
3764
3791
3828
3839
3845
3853
3893
3915
3981
4036
4043
4078
4122
4132
4147
4155
4160
4169
4179
4186
4195
4202
4213
4218
4223
4236
4241
4370
4373
4383
4425
4430
4551
4568
4576
4599
4605
4659
4695
4714
4751
4787
4868
4924
4963
